34,3,1,37,32,31,36,28,28,2,3,97,1,133,16,3,5,34,1,1,3,1,34
1,1,34,28,28,28,30,30,1,3,1,1,3,18,20,1,10,4,115,4,105,3,1
29,27,27,28,30,30,3,1,34,19,100,1,2,16,3,1,1,1,1,1,101,3,2
30,34,3,1,1,3,1,2,1,21,19,3,34,16,1,3,97,3,18,15,114,34,1
1,3,1,1,2,1,1,2,1,1,21,15,15,20,1,2,1,3,16,1,101,1,1
1,1,1,1,2,34,1,1,2,3,1,1,1,3,1,1,107,1,34,1,10,8,1
3,1,34,1,1,2,1,112,2,1,34,3,1,2,3,1,5,1,16,3,1,10,27
3,1,16,3,3,1,1,1,1,29,29,31,1,28,34,1,109,3,21,15,19,1,34
34,1,21,15,19,3,107,1,34,28,1,32,30,30,1,1,1,1,3,3,16,1,3
27,8,1,3,16,1,5,1,3,2,1,3,34,1,2,112,1,2,1,1,34,1,3
1,10,8,1,34,1,109,1,1,3,1,1,1,3,2,1,1,34,2,1,1,1,1
1,1,101,1,16,3,1,2,1,18,15,15,19,1,1,2,1,1,2,1,1,3,1
1,34,114,15,20,3,164,3,1,16,34,3,21,19,1,2,1,3,1,1,3,34,29
2,3,101,1,1,1,1,1,3,16,2,1,167,21,34,1,3,29,29,28,27,27,30
1,3,103,4,115,4,8,1,18,20,3,1,1,3,1,29,29,28,28,28,34,1,1
34,1,3,1,1,34,5,3,16,133,1,164,3,2,28,28,36,32,31,37,1,3,34
Units
11,11,15
